1723388302435 0 49
1723388303172 0 99
1723388303835 0 149
1723388304497 0 199
1723388305174 0 249
1723388305855 0 299
1723388306581 0 349
1723388307296 0 399
1723388307938 0 449
1723388308690 0 499
1723388309374 0 549
1723388310009 0 599
1723388310722 0 649
1723388311437 0 699
1723388312127 0 749
1723388312766 0 799
1723388313401 0 849
1723388314106 0 899
1723388316876 0 937
1723388317139 1 949
1723388317717 1 999
1723388318285 1 1049
1723388318856 1 1099
1723388319467 1 1149
1723388320067 1 1199
1723388320675 1 1249
1723388321267 1 1299
1723388321842 1 1349
1723388322379 1 1399
1723388322970 1 1449
1723388323526 1 1499
1723388324098 1 1549
1723388324628 1 1599
1723388325193 1 1649
1723388325758 1 1699
1723388326335 1 1749
1723388326890 1 1799
1723388327463 1 1849
1723388329515 1 1875
1723388329865 2 1899
1723388330421 2 1949
1723388331060 2 1999
1723388331672 2 2049
1723388332249 2 2099
1723388332801 2 2149
1723388333355 2 2199
1723388333931 2 2249
1723388334528 2 2299
1723388335096 2 2349
1723388335644 2 2399
1723388336211 2 2449
1723388336813 2 2499
1723388337396 2 2549
1723388337926 2 2599
1723388338478 2 2649
1723388339019 2 2699
1723388339587 2 2749
1723388340173 2 2799
1723388342256 2 2813
1723388342704 3 2849
1723388343282 3 2899
1723388343920 3 2949
1723388344537 3 2999
1723388345094 3 3049
1723388345700 3 3099
1723388346275 3 3149
1723388346822 3 3199
1723388347371 3 3249
1723388347916 3 3299
1723388348469 3 3349
1723388349074 3 3399
1723388349654 3 3449
1723388350270 3 3499
1723388350892 3 3549
1723388351464 3 3599
1723388352055 3 3649
1723388352621 3 3699
1723388353230 3 3749
1723388355230 3 3751
1723388355925 4 3799
1723388356646 4 3849
1723388357307 4 3899
1723388357991 4 3949
1723388358666 4 3999
1723388359306 4 4049
1723388359922 4 4099
1723388360485 4 4149
1723388361086 4 4199
1723388361689 4 4249
1723388362304 4 4299
1723388362860 4 4349
1723388363471 4 4399
1723388364044 4 4449
1723388364611 4 4499
1723388365188 4 4549
1723388365784 4 4599
1723388366365 4 4649
1723388368740 4 4689
1723388368919 5 4699
1723388369488 5 4749
1723388370074 5 4799
1723388370622 5 4849
1723388371196 5 4899
1723388371771 5 4949
1723388372356 5 4999
1723388372907 5 5049
1723388373536 5 5099
1723388374096 5 5149
1723388374677 5 5199
1723388375210 5 5249
1723388375803 5 5299
1723388376390 5 5349
1723388376965 5 5399
1723388377520 5 5449
1723388378094 5 5499
1723388378636 5 5549
1723388379198 5 5599
1723388381466 5 5627
1723388381796 6 5649
1723388382378 6 5699
1723388382950 6 5749
1723388383527 6 5799
1723388384075 6 5849
1723388384683 6 5899
1723388385234 6 5949
1723388385822 6 5999
1723388386352 6 6049
1723388386926 6 6099
1723388387467 6 6149
1723388388058 6 6199
1723388388614 6 6249
1723388389189 6 6299
1723388389720 6 6349
1723388390314 6 6399
1723388390877 6 6449
1723388391460 6 6499
1723388392022 6 6549
1723388394082 6 6565
1723388394553 7 6599
1723388395112 7 6649
1723388395733 7 6699
1723388396281 7 6749
1723388396864 7 6799
1723388397407 7 6849
1723388397986 7 6899
1723388398525 7 6949
1723388399225 7 6999
1723388399785 7 7049
1723388400354 7 7099
1723388400915 7 7149
1723388401508 7 7199
1723388402067 7 7249
1723388402641 7 7299
1723388403220 7 7349
1723388403792 7 7399
1723388404338 7 7449
1723388404915 7 7499
1723388406805 7 7503
1723388407375 8 7549
1723388407962 8 7599
1723388408527 8 7649
1723388409107 8 7699
1723388409644 8 7749
1723388410241 8 7799
1723388410801 8 7849
1723388411379 8 7899
1723388412009 8 7949
1723388412787 8 7999
1723388413478 8 8049
1723388414074 8 8099
1723388414895 8 8149
1723388415713 8 8199
1723388416622 8 8249
1723388417567 8 8299
1723388418500 8 8349
1723388419643 8 8399
1723388423338 8 8441
1723388423551 9 8449
1723388424320 9 8499
1723388425172 9 8549
1723388425956 9 8599
1723388426914 9 8649
1723388427883 9 8699
1723388429016 9 8749
1723388430073 9 8799
1723388430773 9 8849
1723388431650 9 8899
1723388432385 9 8949
1723388433112 9 8999
1723388433755 9 9049
1723388434302 9 9099
1723388434878 9 9149
1723388435430 9 9199
1723388436038 9 9249
1723388436584 9 9299
1723388437184 9 9349
1723388439510 9 9379
1723388441045 10 9380
