1723388302435 0.7043750286102295 49
1723388303172 0.7091097235679626 99
1723388303835 0.460936576128006 149
1723388304497 0.46648481488227844 199
1723388305174 0.5198805332183838 249
1723388305855 0.4982984662055969 299
1723388306581 0.48243772983551025 349
1723388307296 0.6570519804954529 399
1723388307938 0.4381537437438965 449
1723388308690 0.374637246131897 499
1723388309374 0.3213796019554138 549
1723388310009 0.328573077917099 599
1723388310722 0.32457616925239563 649
1723388311437 0.2711842656135559 699
1723388312127 0.3917820453643799 749
1723388312766 0.4482733905315399 799
1723388313401 0.5494059324264526 849
1723388314106 0.34332215785980225 899
1723388317139 0.4072355329990387 949
1723388317717 0.3788800835609436 999
1723388318285 0.39329421520233154 1049
1723388318856 0.32224735617637634 1099
1723388319467 0.29760870337486267 1149
1723388320067 0.4415167570114136 1199
1723388320675 0.6786153316497803 1249
1723388321267 0.2718929648399353 1299
1723388321842 0.35480353236198425 1349
1723388322379 0.5809817314147949 1399
1723388322970 0.3049846887588501 1449
1723388323526 0.21663494408130646 1499
1723388324098 0.2838062345981598 1549
1723388324628 0.4098147451877594 1599
1723388325193 0.23508715629577637 1649
1723388325758 0.24048887193202972 1699
1723388326335 0.17454899847507477 1749
1723388326890 0.3830592632293701 1799
1723388327463 0.2890869677066803 1849
1723388329865 0.4197852611541748 1899
1723388330421 0.3767228424549103 1949
1723388331060 0.3641943037509918 1999
1723388331672 0.24733546376228333 2049
1723388332249 0.6835846900939941 2099
1723388332801 0.3053005635738373 2149
1723388333355 0.352472722530365 2199
1723388333931 0.24361617863178253 2249
1723388334528 0.41942453384399414 2299
1723388335096 0.3692108690738678 2349
1723388335644 0.38459691405296326 2399
1723388336211 0.33529573678970337 2449
1723388336813 0.4703507423400879 2499
1723388337396 0.28671151399612427 2549
1723388337926 0.3100075125694275 2599
1723388338478 0.30544814467430115 2649
1723388339019 0.39981311559677124 2699
1723388339587 0.17979900538921356 2749
1723388340173 0.2841683030128479 2799
1723388342704 0.2680542469024658 2849
1723388343282 0.2787187993526459 2899
1723388343920 0.2970135509967804 2949
1723388344537 0.2663387656211853 2999
1723388345094 0.23559916019439697 3049
1723388345700 0.28892993927001953 3099
1723388346275 0.3437443971633911 3149
1723388346822 0.2841704785823822 3199
1723388347371 0.359735906124115 3249
1723388347916 0.38430362939834595 3299
1723388348469 0.3069629967212677 3349
1723388349074 0.41976672410964966 3399
1723388349654 0.30812111496925354 3449
1723388350270 0.4272201955318451 3499
1723388350892 0.25042518973350525 3549
1723388351464 0.3156082034111023 3599
1723388352055 0.20977458357810974 3649
1723388352621 0.4667893052101135 3699
1723388353230 0.43501290678977966 3749
1723388355925 0.3672032356262207 3799
1723388356646 0.3009117543697357 3849
1723388357307 0.5056145787239075 3899
1723388357991 0.28641030192375183 3949
1723388358666 0.2724035084247589 3999
1723388359306 0.2580697536468506 4049
1723388359922 0.31920430064201355 4099
1723388360485 0.2620384693145752 4149
1723388361086 0.22609123587608337 4199
1723388361689 0.34135702252388 4249
1723388362304 0.2203194499015808 4299
1723388362860 0.2176213562488556 4349
1723388363471 0.16255688667297363 4399
1723388364044 0.35582101345062256 4449
1723388364611 0.1726827174425125 4499
1723388365188 0.3059939742088318 4549
1723388365784 0.23473095893859863 4599
1723388366365 0.1726997196674347 4649
1723388368919 0.2990841865539551 4699
1723388369488 0.26655957102775574 4749
1723388370074 0.3209505081176758 4799
1723388370622 0.1626647710800171 4849
1723388371196 0.36944344639778137 4899
1723388371771 0.13537438213825226 4949
1723388372356 0.18788272142410278 4999
1723388372907 0.3638213872909546 5049
1723388373536 0.27763739228248596 5099
1723388374096 0.19733324646949768 5149
1723388374677 0.3866479992866516 5199
1723388375210 0.19527792930603027 5249
1723388375803 0.2335551530122757 5299
1723388376390 0.30799680948257446 5349
1723388376965 0.3360428810119629 5399
1723388377520 0.26043710112571716 5449
1723388378094 0.11642886698246002 5499
1723388378636 0.18917690217494965 5549
1723388379198 0.30127638578414917 5599
1723388381796 0.28461331129074097 5649
1723388382378 0.14693336188793182 5699
1723388382950 0.2657122313976288 5749
1723388383527 0.10324419289827347 5799
1723388384075 0.3887414038181305 5849
1723388384683 0.19995087385177612 5899
1723388385234 0.3798218369483948 5949
1723388385822 0.21223941445350647 5999
1723388386352 0.22003084421157837 6049
1723388386926 0.38811054825782776 6099
1723388387467 0.3309699594974518 6149
1723388388058 0.24849139153957367 6199
1723388388614 0.18372713029384613 6249
1723388389189 0.18812145292758942 6299
1723388389720 0.22003428637981415 6349
1723388390314 0.3677314817905426 6399
1723388390877 0.3476470112800598 6449
1723388391460 0.30478405952453613 6499
1723388392022 0.2878137230873108 6549
1723388394553 0.18721887469291687 6599
1723388395112 0.37674832344055176 6649
1723388395733 0.23113194108009338 6699
1723388396281 0.15656399726867676 6749
1723388396864 0.26665693521499634 6799
1723388397407 0.13651829957962036 6849
1723388397986 0.19680094718933105 6899
1723388398525 0.2241741120815277 6949
1723388399225 0.3120932877063751 6999
1723388399785 0.2580927908420563 7049
1723388400354 0.2836691439151764 7099
1723388400915 0.26458707451820374 7149
1723388401508 0.24627874791622162 7199
1723388402067 0.2116088718175888 7249
1723388402641 0.23309975862503052 7299
1723388403220 0.2613086700439453 7349
1723388403792 0.23640833795070648 7399
1723388404338 0.3062177896499634 7449
1723388404915 0.2254987210035324 7499
1723388407375 0.10818646103143692 7549
1723388407962 0.3948226571083069 7599
1723388408527 0.14042581617832184 7649
1723388409107 0.10669171810150146 7699
1723388409644 0.1511620730161667 7749
1723388410241 0.2738877832889557 7799
1723388410801 0.16869115829467773 7849
1723388411379 0.2930597960948944 7899
1723388412009 0.12977367639541626 7949
1723388412787 0.38350632786750793 7999
1723388413478 0.2395586222410202 8049
1723388414074 0.3405425548553467 8099
1723388414895 0.5012930631637573 8149
1723388415713 0.27220419049263 8199
1723388416622 0.13902513682842255 8249
1723388417567 0.29318752884864807 8299
1723388418500 0.2237403243780136 8349
1723388419643 0.28872740268707275 8399
1723388423551 0.24945196509361267 8449
1723388424320 0.2978246510028839 8499
1723388425172 0.13256679475307465 8549
1723388425956 0.12488803267478943 8599
1723388426914 0.29459503293037415 8649
1723388427883 0.17094776034355164 8699
1723388429016 0.20941682159900665 8749
1723388430073 0.2578859031200409 8799
1723388430773 0.2921530306339264 8849
1723388431650 0.22894054651260376 8899
1723388432385 0.1726870834827423 8949
1723388433112 0.17602217197418213 8999
1723388433755 0.11794407665729523 9049
1723388434302 0.28034642338752747 9099
1723388434878 0.12423589825630188 9149
1723388435430 0.29141250252723694 9199
1723388436038 0.16200648248195648 9249
1723388436584 0.22231069207191467 9299
1723388437184 0.18194031715393066 9349
