1723375403680 0 49
1723375404930 0 99
1723375405802 0 149
1723375406682 0 199
1723375407614 0 249
1723375408410 0 299
1723375409096 0 349
1723375410026 0 399
1723375410744 0 449
1723375411586 0 499
1723375412471 0 549
1723375413384 0 599
1723375414136 0 649
1723375414862 0 699
1723375415685 0 749
1723375416749 0 799
1723375417720 0 849
1723375418425 0 899
1723375422330 0 937
1723375422569 1 949
1723375423854 1 999
1723375424797 1 1049
1723375425960 1 1099
1723375426930 1 1149
1723375427814 1 1199
1723375428684 1 1249
1723375429462 1 1299
1723375430267 1 1349
1723375431086 1 1399
1723375432024 1 1449
1723375432669 1 1499
1723375433879 1 1549
1723375435154 1 1599
1723375436783 1 1649
1723375437727 1 1699
1723375438457 1 1749
1723375439120 1 1799
1723375439718 1 1849
1723375442010 1 1875
1723375442679 2 1899
1723375443394 2 1949
1723375444137 2 1999
1723375444800 2 2049
1723375445460 2 2099
1723375446242 2 2149
1723375447073 2 2199
1723375447704 2 2249
1723375448361 2 2299
1723375449031 2 2349
1723375449628 2 2399
1723375450303 2 2449
1723375450942 2 2499
1723375451578 2 2549
1723375452156 2 2599
1723375452866 2 2649
1723375453606 2 2699
1723375454337 2 2749
1723375454985 2 2799
1723375457132 2 2813
1723375457679 3 2849
1723375458313 3 2899
1723375458896 3 2949
1723375459530 3 2999
1723375460176 3 3049
1723375460760 3 3099
1723375461404 3 3149
1723375462012 3 3199
1723375462637 3 3249
1723375463234 3 3299
1723375463871 3 3349
1723375464521 3 3399
1723375465268 3 3449
1723375465952 3 3499
1723375467090 3 3549
1723375467989 3 3599
1723375468690 3 3649
1723375469394 3 3699
1723375469986 3 3749
1723375472889 3 3751
1723375473840 4 3799
1723375474692 4 3849
1723375476528 4 3899
1723375478594 4 3949
1723375480643 4 3999
1723375481747 4 4049
1723375483133 4 4099
1723375484350 4 4149
1723375485595 4 4199
1723375486726 4 4249
1723375487647 4 4299
1723375489388 4 4349
1723375490629 4 4399
1723375491659 4 4449
1723375492428 4 4499
1723375493306 4 4549
1723375494345 4 4599
1723375495554 4 4649
1723375499450 4 4689
1723375499793 5 4699
1723375500844 5 4749
1723375501874 5 4799
1723375502588 5 4849
1723375503443 5 4899
1723375504200 5 4949
1723375505322 5 4999
1723375506873 5 5049
1723375507726 5 5099
1723375508558 5 5149
1723375509466 5 5199
1723375510560 5 5249
1723375511685 5 5299
1723375512770 5 5349
1723375513801 5 5399
1723375514853 5 5449
1723375515933 5 5499
1723375516928 5 5549
1723375517774 5 5599
1723375520439 5 5627
1723375521006 6 5649
1723375522419 6 5699
1723375523683 6 5749
1723375524843 6 5799
1723375525848 6 5849
1723375526748 6 5899
1723375527574 6 5949
1723375528888 6 5999
1723375529813 6 6049
1723375530637 6 6099
1723375531410 6 6149
1723375532281 6 6199
1723375533074 6 6249
1723375533872 6 6299
1723375534614 6 6349
1723375535393 6 6399
1723375536304 6 6449
1723375536993 6 6499
1723375537895 6 6549
1723375540903 6 6565
1723375541844 7 6599
1723375542832 7 6649
1723375543832 7 6699
1723375544746 7 6749
1723375545945 7 6799
1723375546808 7 6849
1723375547781 7 6899
1723375548793 7 6949
1723375549823 7 6999
1723375550582 7 7049
1723375551467 7 7099
1723375552626 7 7149
1723375553377 7 7199
1723375554162 7 7249
1723375555232 7 7299
1723375556537 7 7349
1723375557282 7 7399
1723375557981 7 7449
