1723375403680 0.818243145942688 49
1723375404930 0.6408448815345764 99
1723375405802 0.4148918390274048 149
1723375406682 0.48387444019317627 199
1723375407614 0.5219724774360657 249
1723375408410 0.34364163875579834 299
1723375409096 0.3760956823825836 349
1723375410026 0.3009694814682007 399
1723375410744 0.5173092484474182 449
1723375411586 0.5831409692764282 499
1723375412471 0.3890671730041504 549
1723375413384 0.3438842296600342 599
1723375414136 0.42390191555023193 649
1723375414862 0.5156532526016235 699
1723375415685 0.3352755010128021 749
1723375416749 0.4393899142742157 799
1723375417720 0.38163256645202637 849
1723375418425 0.4085169732570648 899
1723375422569 0.294398695230484 949
1723375423854 0.34399598836898804 999
1723375424797 0.3705357611179352 1049
1723375425960 0.2512277662754059 1099
1723375426930 0.45698654651641846 1149
1723375427814 0.3762056529521942 1199
1723375428684 0.2139618843793869 1249
1723375429462 0.45059722661972046 1299
1723375430267 0.30051377415657043 1349
1723375431086 0.3133060038089752 1399
1723375432024 0.34084224700927734 1449
1723375432669 0.2596462666988373 1499
1723375433879 0.39551740884780884 1549
1723375435154 0.20342566072940826 1599
1723375436783 0.2948264181613922 1649
1723375437727 0.3075230121612549 1699
1723375438457 0.5372211933135986 1749
1723375439120 0.3661084771156311 1799
1723375439718 0.44823428988456726 1849
1723375442679 0.5100179314613342 1899
1723375443394 0.35665810108184814 1949
1723375444137 0.3310278058052063 1999
1723375444800 0.24347655475139618 2049
1723375445460 0.27891480922698975 2099
1723375446242 0.32612344622612 2149
1723375447073 0.5179046392440796 2199
1723375447704 0.42065075039863586 2249
1723375448361 0.37624892592430115 2299
1723375449031 0.24226920306682587 2349
1723375449628 0.18528836965560913 2399
1723375450303 0.23101310431957245 2449
1723375450942 0.2423017919063568 2499
1723375451578 0.4179305136203766 2549
1723375452156 0.23143164813518524 2599
1723375452866 0.3352659344673157 2649
1723375453606 0.22461208701133728 2699
1723375454337 0.4490930140018463 2749
1723375454985 0.3585984408855438 2799
1723375457679 0.20500122010707855 2849
1723375458313 0.1894340068101883 2899
1723375458896 0.25821736454963684 2949
1723375459530 0.2377551794052124 2999
1723375460176 0.4073960483074188 3049
1723375460760 0.378147691488266 3099
1723375461404 0.2164655327796936 3149
1723375462012 0.4047512412071228 3199
1723375462637 0.376549631357193 3249
1723375463234 0.4467158019542694 3299
1723375463871 0.39338791370391846 3349
1723375464521 0.3719772398471832 3399
1723375465268 0.2895343005657196 3449
1723375465952 0.2355518341064453 3499
1723375467090 0.32130077481269836 3549
1723375467989 0.3403506875038147 3599
1723375468690 0.22095467150211334 3649
1723375469394 0.3851718306541443 3699
1723375469986 0.2949916124343872 3749
1723375473840 0.2937628924846649 3799
1723375474692 0.23006871342658997 3849
1723375476528 0.21227768063545227 3899
1723375478594 0.39447829127311707 3949
1723375480643 0.23155054450035095 3999
1723375481747 0.2159903347492218 4049
1723375483133 0.3324974775314331 4099
1723375484350 0.2653253972530365 4149
1723375485595 0.26565811038017273 4199
1723375486726 0.32759711146354675 4249
1723375487647 0.16398905217647552 4299
1723375489388 0.331233948469162 4349
1723375490629 0.22866255044937134 4399
1723375491659 0.3180580735206604 4449
1723375492428 0.31339412927627563 4499
1723375493306 0.48723411560058594 4549
1723375494345 0.29693132638931274 4599
1723375495554 0.27389398217201233 4649
1723375499793 0.4933454096317291 4699
1723375500844 0.12600179016590118 4749
1723375501874 0.23413969576358795 4799
1723375502588 0.1844632476568222 4849
1723375503443 0.16958852112293243 4899
1723375504200 0.18917258083820343 4949
1723375505322 0.16800838708877563 4999
1723375506873 0.2928617000579834 5049
1723375507726 0.33311164379119873 5099
1723375508558 0.2899639904499054 5149
1723375509466 0.20697519183158875 5199
1723375510560 0.32776114344596863 5249
1723375511685 0.2252521514892578 5299
1723375512770 0.1951606422662735 5349
1723375513801 0.25358670949935913 5399
1723375514853 0.19775421917438507 5449
1723375515933 0.19346922636032104 5499
1723375516928 0.1627632975578308 5549
1723375517774 0.12937253713607788 5599
1723375521006 0.19449272751808167 5649
1723375522419 0.21603959798812866 5699
1723375523683 0.3860396444797516 5749
1723375524843 0.19293327629566193 5799
1723375525848 0.2871611714363098 5849
1723375526748 0.38695770502090454 5899
1723375527574 0.34347695112228394 5949
1723375528888 0.22713787853717804 5999
1723375529813 0.2063150852918625 6049
1723375530637 0.1851498782634735 6099
1723375531410 0.2965441048145294 6149
1723375532281 0.30372318625450134 6199
1723375533074 0.2818965017795563 6249
1723375533872 0.3066188395023346 6299
1723375534614 0.263400137424469 6349
1723375535393 0.19296009838581085 6399
1723375536304 0.13813109695911407 6449
1723375536993 0.2635563611984253 6499
1723375537895 0.2424723207950592 6549
1723375541844 0.29316219687461853 6599
1723375542832 0.13930478692054749 6649
1723375543832 0.25376635789871216 6699
1723375544746 0.3098977506160736 6749
1723375545945 0.11608356982469559 6799
1723375546808 0.22365233302116394 6849
1723375547781 0.16434474289417267 6899
1723375548793 0.17903338372707367 6949
1723375549823 0.19662556052207947 6999
1723375550582 0.34626010060310364 7049
1723375551467 0.3980887830257416 7099
1723375552626 0.15643294155597687 7149
1723375553377 0.2571640610694885 7199
1723375554162 0.22270634770393372 7249
1723375555232 0.2631094753742218 7299
1723375556537 0.16782794892787933 7349
1723375557282 0.2114519327878952 7399
1723375557981 0.23372049629688263 7449
